1 6
2 12
3 16
4 20
5 24
6 35
7 56
8 60
9 72
10 90
11 110
12 120
13 140
14 143
15 182
16 210
17 255
18 280
19 306
20 342
21 352
22 399
23 420
24 462
25 504
26 506
27 575
28 650
29 702
30 715
31 720
32 756
33 812
34 840
35 870
36 930
37 990
38 992
39 1056
40 1120
41 1122
42 1224
43 1332
44 1406
45 1430
46 1482
47 1560
48 1640
49 1722
50 1806
51 1892
52 1980
53 2002
54 2070
55 2162
56 2256
57 2352
58 2450
59 2520
60 2550
61 2652
62 2730
63 2756
64 2862
65 2970
66 3135
67 3306
68 3360
69 3422
70 3570
71 3599
72 3782
73 3906
74 4032
75 4160
76 4290
77 4422
78 4556
79 4590
80 4692
81 4830
82 4970
83 5040
84 5183
85 5402
86 5550
87 5700
88 5814
89 5852
90 6006
91 6162
92 6320
93 6480
94 6642
95 6720
96 6806
97 6972
98 7140
99 7182
100 7310
101 7482
102 7656
103 7832
104 7920
105 8099
106 8372
107 8556
108 8742
109 8778
110 8930
111 9120
112 9312
113 9506
114 9702
115 9900
116 10080
117 10100
118 10302
119 10506
120 10626
121 10712
122 10920
123 11130
124 11342
125 11556
126 11772
127 12099
128 12432
129 12650
130 12656
131 12870
132 12882
133 13110
134 13340
135 13572
136 13806
137 14042
138 14399
139 14762
140 14950
141 15006
142 15252
143 15500
144 15750
145 16002
146 16256
147 16512
148 16770
149 17030
150 17292
151 17550
152 17556
153 17822
154 18090
155 18360
156 18632
157 18906
158 19182
159 19599
160 19656
161 20020
162 20022
163 20448
164 20880
165 21170
166 21462
167 21756
168 21924
169 22052
170 22350
171 22650
172 22952
173 23256
174 23562
175 23870
176 24180
177 24360
178 24492
179 24806
180 25122
181 25200
182 25440
183 25760
184 26082
185 26406
186 26732
187 26970
188 27060
189 27390
190 27722
191 28056
192 28392
193 28730
194 29070
195 29412
196 29756
197 29760
198 30030
199 30102
200 30240
201 30450
202 30800
203 31152
204 31506
205 31862
206 32220
207 32580
208 32736
209 33123
210 33672
211 34040
212 34410
213 34782
214 35156
215 35532
216 35904
217 35910
218 36290
219 36672
220 37056
221 37442
222 37830
223 38220
224 38612
225 39006
226 39402
227 39800
228 40200
229 40392
230 40602
231 41006
232 41412
233 41820
234 42230
235 42642
236 43056
237 43472
238 44099
239 44732
240 45156
241 45288
242 45582
243 46010
244 46410
245 46440
246 46872
247 47306
248 47742
249 48180
250 48620
251 49062
252 49506
253 49952
254 50400
255 50616
256 50850
257 51302
258 51756
259 52212
260 52670
261 53130
262 53592
263 54056
264 54522
265 54834
266 54990
267 55440
268 55460
269 55932
270 56406
271 56882
272 57360
273 57840
274 58322
275 58806
276 59280
277 59292
278 59780
279 60270
280 60480
281 60762
282 61256
283 61752
284 62250
285 62750
286 63252
287 63756
288 63960
289 64260
290 64262
291 65024
292 65792
293 66306
294 66822
295 67340
296 67860
297 68382
298 68880
299 68906
300 69432
301 69960
302 70490
303 71022
304 71556
305 72092
306 72630
307 73170
308 73712
309 74046
310 74256
311 74802
312 75350
313 75900
314 76452
315 77006
316 77562
317 78399
318 79242
319 79464
320 79806
321 80372
322 80940
323 81510
324 82082
325 82656
326 83232
327 83810
328 84390
329 84972
330 85140
331 85556
332 86142
333 86730
334 87210
335 87320
336 87912
337 88506
338 89102
339 89700
340 90300
341 90902
342 91080
343 91506
344 92112
345 92720
346 93635
347 94556
348 95172
349 95790
350 96410
351 97032
352 97290
353 97656
354 98282
355 98910
356 99540
==== Progress: 100000 / 10000000
Cached 126327
Loop 45
Opt1 51499
Opt2 597876
Opt3 16
357 100172
358 100800
359 100806
360 101442
361 102080
362 102720
363 102960
364 103362
365 103776
366 104006
367 104652
368 105300
369 105950
370 106602
371 107256
372 107912
373 108570
374 109230
375 109892
376 110544
377 110556
378 111222
379 111890
380 112560
381 113232
382 113906
383 114582
384 115260
385 115940
386 116963
387 117600
388 117992
389 118680
390 119370
391 120062
392 120756
393 121452
394 122094
395 122150
396 122850
397 123903
398 124950
399 124962
400 125670
401 126380
402 127092
403 127806
404 128522
405 129240
406 129960
407 130682
408 131406
409 132132
410 132600
411 132860
412 133590
413 134322
414 135056
415 135792
416 136530
417 137270
418 138012
419 138756
420 139502
421 140250
422 140556
423 141000
424 141752
425 142506
426 143262
427 144020
428 144780
429 145542
430 146306
431 147072
432 147840
433 148610
434 148824
435 149382
436 150156
437 150932
438 151710
439 152490
440 153272
441 154056
442 154842
443 155630
444 156420
445 157212
446 157410
447 158004
448 158006
449 159200
450 160400
451 161202
452 162006
453 162812
454 163620
455 164430
456 165242
457 166056
458 166872
459 167690
460 168510
461 169290
462 169332
463 170156
464 170982
465 171810
466 172640
467 173472
468 174306
469 175142
470 176399
471 177662
472 178506
473 179352
474 180180
475 180200
476 181050
477 181830
478 181902
479 182756
480 183612
481 184470
482 185330
483 186192
484 187056
485 187922
486 188790
487 189660
488 190532
489 191406
490 192282
491 193160
492 194040
493 194922
494 195054
495 195806
496 196692
497 197580
498 198470
499 199362
500 200256
501 201152
502 201894
503 202050
504 202950
505 203852
506 204756
507 205662
508 206570
509 207480
510 208392
511 208742
512 209306
513 210222
514 211140
515 212060
516 213443
517 214832
518 215760
519 216690
520 217622
521 218556
522 219492
523 220430
524 221370
525 222312
526 223138
527 223256
528 224202
529 225150
530 226100
531 227052
532 228006
533 228962
534 229920
535 230880
536 231842
537 232806
538 233772
539 234740
540 235710
541 236682
542 237656
543 238266
544 238632
545 239610
546 240590
547 241572
548 242556
549 243542
550 244530
551 245520
552 246512
553 247506
554 248502
555 249500
556 249984
557 250500
558 251502
559 252506
560 254015
561 256035
562 257556
563 258572
564 259590
565 260610
566 261632
567 262080
568 262656
569 263682
570 264710
571 265650
572 265740
573 266772
574 267806
575 268842
576 269880
577 270920
578 271962
579 273006
580 274052
581 274560
582 275100
583 276150
584 277200
585 277202
586 278256
587 279312
588 280370
589 281430
590 282492
591 283556
592 284622
593 285690
594 286760
595 287430
596 287832
597 288906
598 289982
599 291060
600 292140
601 293222
602 294306
603 295392
604 296480
605 297570
606 298662
607 299756
608 300300
609 300696
610 300852
611 301950
612 302400
613 303050
614 304152
615 305256
616 306362
617 307470
618 308580
619 309692
620 310806
621 311922
622 313040
623 314160
624 314364
625 315282
626 316406
627 317532
628 318660
629 319790
630 320922
631 322056
632 323192
633 324330
634 325470
635 326612
636 327756
637 328440
638 328900
639 328902
640 330624
641 332352
642 333506
643 334662
644 335820
645 336980
646 338142
647 339306
648 340472
649 341640
650 342810
651 342930
652 343982
653 345156
654 346332
655 347510
656 348690
657 349872
658 351056
659 352242
660 353430
661 354620
662 355812
663 357006
664 358202
665 359400
666 360600
667 361802
668 362810
669 363006
670 364212
671 365420
672 366630
673 367842
674 369056
675 370272
676 371490
677 372710
678 373932
679 375156
680 376382
681 377610
682 378840
683 380072
684 381306
685 382542
686 383542
687 383780
688 385020
689 386262
690 387506
691 388752
692 390000
693 391250
694 392502
695 393756
696 395012
697 396270
698 397530
699 398792
700 400056
701 401322
702 402590
703 403650
704 403860
705 405132
706 405150
707 406406
708 407682
709 408960
710 410240
711 411522
712 412806
713 414092
714 415380
715 416670
716 417962
717 419256
718 420552
719 421800
720 422499
721 424452
722 425756
723 427062
724 428370
725 429680
726 430992
727 432306
728 433622
729 434940
730 436260
731 437582
732 438900
733 438906
734 440232
735 441560
736 442890
737 444222
738 445556
739 446892
740 448230
741 449570
742 450912
743 452256
744 453602
745 454950
746 456300
747 456456
748 457652
749 459006
750 460362
751 461720
752 463080
753 464442
754 465806
755 467172
756 468540
757 469910
758 471282
759 472656
760 474032
761 474474
762 475410
763 476790
764 478172
765 479556
766 480942
767 482330
768 483720
769 485112
770 486506
771 487902
772 489300
773 490700
774 491400
775 492803
776 492960
777 494912
778 496320
779 497730
780 499142
781 500556
782 501972
783 503390
784 504810
785 506232
786 507656
787 509082
788 510510
789 511224
790 511920
791 513372
792 514806
793 516242
794 518399
795 520562
796 522006
797 523452
798 524900
799 526350
800 527802
801 529256
802 530712
803 531360
804 532170
805 533630
806 535092
807 536556
808 538022
809 539490
810 540960
811 542432
812 543906
813 545382
814 546860
815 548340
816 549822
817 551286
818 551306
819 552792
820 554280
821 555770
822 557262
823 558756
824 560252
825 561750
826 563250
827 564752
828 566256
829 567762
830 569270
831 570024
832 571535
833 571704
834 573806
835 575322
836 576840
837 578360
838 579882
839 581406
840 582932
841 584460
842 585990
843 587522
844 589056
845 590592
846 592130
847 592620
848 593670
849 595212
850 596756
851 598302
852 599850
853 601400
854 602952
855 604506
856 604800
857 606062
858 607620
859 609180
860 610742
861 612306
862 613872
863 614040
864 615440
865 617010
866 618582
867 620156
868 621732
869 623310
870 624890
871 626472
872 628056
873 629642
874 631230
875 632820
876 634412
877 635970
878 636006
879 637602
880 639200
881 640800
882 642402
883 644006
884 645612
885 647220
886 648830
887 650442
888 652056
889 653672
890 655290
891 656910
892 657720
893 658416
894 659343
895 661782
896 663410
897 665040
898 666672
899 668306
900 669942
901 671580
902 673220
903 674862
904 676506
905 678152
906 679800
907 681384
908 681450
909 683102
910 684756
911 686412
912 688070
913 689730
914 691392
915 693056
916 694722
917 696390
918 698060
919 699732
920 701406
921 703082
922 705599
923 708122
924 709806
925 711492
926 712712
927 713180
928 714870
929 716562
930 718256
931 719952
932 720720
933 721650
934 723350
935 725052
936 726756
937 728462
938 730170
939 731880
940 733592
941 735306
942 737022
943 738740
944 740460
945 742182
946 743906
947 745108
948 745632
949 747360
950 749090
951 750822
952 752556
953 754292
954 755160
955 756899
956 759512
957 761256
958 763002
959 764750
960 766500
961 768252
962 770006
963 771762
964 773520
965 775280
966 777042
967 778596
968 778806
969 780572
970 782340
971 784110
972 785882
973 787656
974 789432
975 791210
976 792990
977 794772
978 796556
979 798342
980 800130
981 801920
982 803712
983 804264
984 805506
985 807302
986 809100
987 810900
988 812702
989 814506
990 816312
991 818120
992 819930
993 821742
994 823556
995 825372
996 827190
997 829010
998 830490
999 830832
1000 832656
1001 834482
1002 835380
1003 836310
1004 838140
1005 839972
1006 841806
1007 843642
1008 845480
1009 847320
1010 849162
1011 851006
1012 852852
1013 854700
1014 856550
1015 857280
1016 858402
1017 860256
1018 862112
1019 863040
1020 864899
1021 867692
1022 869556
1023 871422
1024 873290
1025 875160
1026 877032
1027 878906
1028 880782
1029 882660
1030 884540
1031 884640
1032 886422
1033 888306
1034 890192
1035 892080
1036 893970
1037 895862
1038 897756
1039 899652
1040 901550
1041 903450
1042 905352
1043 907256
1044 909162
1045 911070
1046 912576
1047 912980
1048 914892
1049 916806
1050 918722
1051 920640
1052 922560
1053 924482
1054 926406
1055 928332
1056 930260
1057 932190
1058 934122
1059 936056
1060 937992
1061 939930
1062 941094
1063 941870
1064 943812
1065 945756
1066 947702
1067 949650
1068 951600
1069 953552
1070 955506
1071 957462
1072 959420
1073 961380
1074 963342
1075 965306
1076 967272
1077 969240
1078 970200
1079 971210
1080 973182
1081 975156
1082 977132
1083 980099
1084 982080
1085 984063
1086 987042
1087 989030
1088 991020
1089 993012
1090 995006
1091 997002
1092 999000
1093 999900
1094 1001000
1095 1003002
1096 1005006
1097 1007012
1098 1009020
1099 1011030
1100 1013042
1101 1015056
1102 1017072
1103 1019090
1104 1021110
1105 1023132
1106 1025156
1107 1027182
1108 1029210
1109 1030200
1110 1031240
1111 1033272
1112 1035306
1113 1037342
1114 1039380
1115 1041420
1116 1043462
1117 1045506
1118 1047552
1119 1049600
1120 1051650
1121 1053702
1122 1055756
1123 1057812
1124 1059870
1125 1061106
1126 1061930
1127 1063992
1128 1066056
1129 1068122
1130 1070190
1131 1072260
1132 1074332
1133 1076406
1134 1078482
1135 1080560
1136 1082640
1137 1084722
1138 1086806
1139 1088892
1140 1090980
1141 1092624
1142 1093070
1143 1095162
1144 1097256
1145 1099352
1146 1101450
1147 1103550
1148 1105652
1149 1107756
1150 1108800
1151 1109862
1152 1111970
1153 1113024
1154 1115135
1155 1118306
1156 1120422
1157 1122540
1158 1124660
1159 1124760
1160 1126782
1161 1128906
1162 1131032
1163 1133160
1164 1135290
1165 1137422
1166 1139556
1167 1141692
1168 1143830
1169 1145970
1170 1148112
1171 1150256
1172 1152402
1173 1154550
1174 1156700
1175 1157520
1176 1158852
1177 1161006
1178 1163162
1179 1165320
1180 1167480
1181 1169642
1182 1171806
1183 1173972
1184 1176140
1185 1178310
1186 1180482
1187 1182656
1188 1184832
1189 1187010
1190 1189190
1191 1190910
1192 1191372
1193 1193556
1194 1195742
1195 1197930
1196 1200120
1197 1202312
1198 1204506
1199 1206702
1200 1208900
1201 1211100
1202 1213302
1203 1215506
1204 1217712
1205 1219920
1206 1220940
1207 1222130
1208 1224342
1209 1224936
1210 1226556
1211 1228772
1212 1230990
1213 1233210
1214 1235432
1215 1237656
1216 1239882
1217 1242110
1218 1244340
1219 1246572
1220 1248806
1221 1251042
1222 1254399
1223 1258883
1224 1259604
1225 1262252
1226 1264500
1227 1266750
1228 1269002
1229 1271256
1230 1273512
1231 1275770
1232 1278030
1233 1280292
1234 1282556
1235 1284822
1236 1287090
1237 1289360
1238 1291632
1239 1292544
1240 1293906
1241 1296182
1242 1298460
1243 1300740
1244 1303022
1245 1305306
1246 1306692
1247 1307592
1248 1309880
1249 1312170
1250 1314462
1251 1316756
1252 1319052
1253 1321350
1254 1323650
1255 1325952
1256 1328256
1257 1330562
1258 1332870
1259 1335180
1260 1337492
1261 1339806
1262 1342122
1263 1344440
1264 1346760
1265 1349082
1266 1351406
1267 1353732
1268 1355088
1269 1356060
1270 1358390
1271 1360722
1272 1363056
1273 1365392
1274 1367730
1275 1370070
1276 1372412
1277 1374756
1278 1377102
1279 1379450
1280 1381800
1281 1384152
1282 1386506
1283 1388862
1284 1391220
1285 1393580
1286 1395942
1287 1398306
1288 1400672
1289 1403040
1290 1404816
1291 1405410
1292 1407782
1293 1410156
1294 1412532
1295 1414910
1296 1417290
1297 1419672
1298 1422056
1299 1424442
1300 1426830
1301 1429220
1302 1431612
1303 1434006
1304 1436402
1305 1438800
1306 1441200
1307 1441440
1308 1442784
1309 1443602
1310 1446006
1311 1448412
1312 1450820
1313 1453230
1314 1455642
1315 1458056
1316 1460472
1317 1462890
1318 1465310
1319 1467732
1320 1470156
1321 1472582
1322 1475010
1323 1477440
1324 1479872
1325 1481430
1326 1482306
1327 1484742
1328 1487180
1329 1489620
1330 1492062
1331 1494504
1332 1494506
1333 1498175
1334 1501850
1335 1504302
1336 1506756
1337 1509212
1338 1511670
1339 1514130
1340 1516592
1341 1519056
1342 1520760
1343 1521522
1344 1523990
1345 1526460
1346 1528932
1347 1531406
1348 1533882
1349 1536360
1350 1538840
1351 1541322
1352 1543806
1353 1546292
1354 1548780
1355 1551270
1356 1553762
1357 1556256
1358 1558752
1359 1560780
1360 1561250
1361 1563750
1362 1566252
1363 1568756
1364 1571262
1365 1573770
1366 1576280
1367 1578792
1368 1581306
1369 1583822
1370 1586340
1371 1588860
1372 1591382
1373 1593906
1374 1596432
1375 1598960
1376 1601490
1377 1601496
1378 1604022
1379 1606556
1380 1609092
1381 1611630
1382 1614170
1383 1616712
1384 1619256
1385 1621802
1386 1624350
1387 1626900
1388 1629452
1389 1632006
1390 1634562
1391 1637120
1392 1639680
1393 1642242
1394 1642914
1395 1644806
1396 1647372
1397 1649940
1398 1652510
1399 1655082
1400 1657656
1401 1660232
1402 1662810
1403 1665390
1404 1667972
1405 1670556
1406 1673142
1407 1675730
1408 1678320
1409 1680912
1410 1683506
1411 1686102
1412 1688700
1413 1691300
1414 1693902
1415 1696506
1416 1699082
1417 1699112
1418 1701720
1419 1704330
1420 1706942
1421 1709556
1422 1712172
1423 1714790
1424 1717410
1425 1720032
1426 1720944
1427 1722656
1428 1725282
1429 1727910
1430 1730540
1431 1733172
1432 1735806
1433 1738442
1434 1741080
1435 1743720
1436 1746362
1437 1749006
1438 1751652
1439 1754300
1440 1756678
1441 1756950
1442 1759602
1443 1762256
1444 1764912
1445 1767570
1446 1770230
1447 1774223
1448 1778222
1449 1780890
1450 1783560
1451 1786232
1452 1788906
1453 1791582
1454 1794260
1455 1796940
1456 1799622
1457 1802306
1458 1804992
1459 1807680
1460 1810370
1461 1813062
1462 1815726
1463 1815756
1464 1818452
1465 1821150
1466 1823850
1467 1826552
1468 1829256
1469 1831410
1470 1831962
1471 1834670
1472 1837380
1473 1840092
1474 1842806
1475 1845522
1476 1848240
1477 1850960
1478 1853682
1479 1856406
1480 1859132
1481 1860744
1482 1861860
1483 1864590
1484 1867322
1485 1870056
1486 1872792
1487 1875530
1488 1878270
1489 1881012
1490 1883756
1491 1886502
1492 1889250
1493 1892000
1494 1894752
1495 1897506
1496 1900262
1497 1903020
1498 1905780
1499 1906500
1500 1908542
1501 1911306
1502 1914072
1503 1916840
1504 1919610
1505 1922382
1506 1925156
1507 1927932
1508 1930710
1509 1933490
1510 1936272
1511 1939056
1512 1941842
1513 1944630
1514 1947420
1515 1950212
1516 1953000
1517 1953006
1518 1955802
1519 1958600
1520 1961400
1521 1964202
1522 1967006
1523 1969812
1524 1972620
1525 1974024
1526 1976835
1527 1981056
1528 1983872
1529 1986690
1530 1989510
1531 1992332
1532 1995156
1533 1997982
1534 2000250
1535 2000810
1536 2003640
1537 2006472
1538 2009306
1539 2012142
1540 2014980
1541 2017820
1542 2020662
1543 2023506
1544 2026352
1545 2029200
1546 2032050
1547 2034902
1548 2037756
1549 2040612
1550 2044899
1551 2048256
1552 2049192
1553 2052056
1554 2054922
1555 2057790
1556 2060660
1557 2063532
1558 2066406
1559 2069282
1560 2072160
1561 2075040
1562 2077922
1563 2080806
1564 2083692
1565 2086580
1566 2089470
1567 2092362
1568 2095256
1569 2097024
1570 2098152
1571 2101050
1572 2103950
1573 2106852
1574 2109756
1575 2112662
1576 2115570
1577 2118480
1578 2121392
1579 2124306
1580 2127222
1581 2130140
1582 2133060
1583 2135982
1584 2138906
1585 2141832
1586 2144760
1587 2146560
1588 2147690
1589 2150622
1590 2153556
1591 2156492
1592 2159430
1593 2162370
1594 2165312
1595 2168256
1596 2171202
1597 2174150
1598 2177100
1599 2180052
1600 2183006
1601 2185962
1602 2188920
1603 2191880
1604 2193360
1605 2196323
1606 2196870
1607 2200772
1608 2203740
1609 2206710
1610 2209682
1611 2212656
1612 2215632
1613 2218610
1614 2221590
1615 2224572
1616 2227556
1617 2230542
1618 2233530
1619 2236520
1620 2239512
1621 2242506
1622 2245502
1623 2247960
1624 2248500
1625 2251500
1626 2254502
1627 2257506
1628 2260512
1629 2263520
1630 2266530
1631 2269542
1632 2272556
1633 2275572
1634 2278590
1635 2281610
1636 2284632
1637 2287656
1638 2290682
1639 2293710
1640 2296740
1641 2299772
1642 2299836
1643 2302806
1644 2305842
1645 2308880
1646 2311920
1647 2314962
1648 2318006
1649 2321052
1650 2324100
1651 2327150
1652 2330202
1653 2333256
1654 2336312
1655 2339370
1656 2342430
1657 2345492
1658 2348556
1659 2351622
1660 2352504
1661 2354690
1662 2357760
1663 2360832
1664 2363906
1665 2366982
1666 2370060
1667 2373140
1668 2376222
1669 2379306
1670 2382392
1671 2385480
1672 2388570
1673 2391662
1674 2394756
1675 2397852
1676 2400950
1677 2404050
1678 2405970
1679 2407152
1680 2410256
1681 2413362
1682 2416470
1683 2419580
1684 2422692
1685 2425806
1686 2428922
1687 2430480
1688 2433599
1689 2438282
1690 2441406
1691 2444532
1692 2447660
1693 2450790
1694 2453922
1695 2457056
1696 2460192
1697 2460240
1698 2463330
1699 2466470
1700 2469612
1701 2472756
1702 2475902
1703 2479050
1704 2482200
1705 2485352
1706 2488506
1707 2491662
1708 2494820
1709 2497980
1710 2501142
1711 2504306
1712 2507472
1713 2510640
1714 2513810
1715 2515320
1716 2516982
1717 2520156
1718 2523332
1719 2526510
1720 2529690
1721 2532872
1722 2536056
1723 2539242
1724 2542430
1725 2545620
1726 2548812
1727 2552006
1728 2555202
1729 2558400
1730 2561600
1731 2564802
1732 2568006
1733 2571212
1734 2571216
1735 2574420
1736 2577630
1737 2580842
1738 2584056
1739 2587272
1740 2590490
1741 2593710
1742 2596932
1743 2600156
1744 2603382
1745 2606610
1746 2609840
1747 2613072
1748 2616306
1749 2619542
1750 2622780
1751 2626020
1752 2627934
1753 2629262
1754 2632506
1755 2635752
1756 2639000
1757 2642250
1758 2645502
1759 2648756
1760 2652012
1761 2655270
1762 2658530
1763 2661792
1764 2665056
1765 2668322
1766 2671590
1767 2674860
1768 2678132
1769 2681406
1770 2684682
1771 2686068
1772 2686320
1773 2689599
1774 2694522
1775 2697806
1776 2701092
1777 2702700
1778 2704380
1779 2704662
1780 2707670
1781 2710962
1782 2714256
1783 2717552
1784 2720850
1785 2724150
1786 2727452
1787 2730756
1788 2734062
1789 2737370
1790 2740680
1791 2743992
1792 2747306
1793 2750622
1794 2753940
1795 2757260
1796 2760582
1797 2763906
1798 2767232
1799 2770560
1800 2773890
1801 2777222
1802 2780556
1803 2783058
1804 2783892
1805 2787230
1806 2790570
1807 2793912
1808 2797256
1809 2800602
1810 2803950
1811 2807300
1812 2810652
1813 2814006
1814 2817362
1815 2820720
1816 2824080
1817 2827442
1818 2830806
1819 2834172
1820 2837540
1821 2840910
1822 2844282
1823 2847656
1824 2851032
1825 2854410
1826 2857790
1827 2861172
1828 2864556
1829 2867942
1830 2871330
1831 2874720
1832 2878112
1833 2881506
1834 2883168
1835 2884902
1836 2888300
1837 2891700
1838 2895102
1839 2898506
1840 2901912
1841 2905320
1842 2908730
1843 2912142
1844 2915556
1845 2918972
1846 2922390
1847 2925810
1848 2929232
1849 2932656
1850 2936082
1851 2939510
1852 2942940
1853 2946372
1854 2949806
1855 2953242
1856 2956680
1857 2960120
1858 2961840
1859 2964960
1860 2965283
1861 2970452
1862 2973900
1863 2977350
1864 2980802
1865 2984256
1866 2987712
1867 2991170
1868 2994630
1869 2998092
1870 3001556
1871 3005022
1872 3008490
1873 3011960
1874 3015432
1875 3018906
1876 3022382
1877 3025860
1878 3029340
1879 3032822
1880 3036306
1881 3039792
1882 3043280
1883 3046770
1884 3048480
1885 3050262
1886 3053756
1887 3057252
1888 3060750
1889 3064250
1890 3067752
1891 3071256
1892 3074762
1893 3078270
1894 3081780
1895 3085292
1896 3088806
1897 3092322
1898 3095840
1899 3099360
1900 3102882
1901 3106406
1902 3109932
1903 3111990
1904 3113460
1905 3116990
1906 3120522
1907 3124056
1908 3127592
1909 3131130
1910 3134670
1911 3138212
1912 3141756
1913 3145302
1914 3148850
1915 3152400
1916 3155952
1917 3159506
1918 3163062
1919 3166620
1920 3170180
1921 3173742
1922 3176376
1923 3177306
1924 3180872
1925 3184440
1926 3188010
1927 3191582
1928 3195156
1929 3198732
1930 3202310
1931 3205890
1932 3209472
1933 3213056
1934 3216642
1935 3220230
1936 3223820
1937 3227412
1938 3231006
1939 3234602
1940 3238200
1941 3241644
1942 3241800
1943 3245402
1944 3249006
1945 3252612
1946 3256220
1947 3258024
1948 3261635
1949 3267056
1950 3270672
1951 3274290
1952 3277910
1953 3281532
1954 3285156
1955 3288782
1956 3292410
1957 3296040
1958 3299672
1959 3303306
1960 3306942
1961 3307800
1962 3310580
1963 3314220
1964 3317862
1965 3321506
1966 3325152
1967 3326400
1968 3328800
1969 3332450
1970 3336102
1971 3339756
1972 3343412
1973 3347070
1974 3350730
1975 3354392
1976 3358056
1977 3361722
1978 3365390
1979 3369060
1980 3372732
1981 3374850
1982 3376406
1983 3380082
1984 3383760
1985 3387440
1986 3391122
1987 3394806
1988 3398492
1989 3402180
1990 3405870
1991 3409562
1992 3413256
1993 3416952
1994 3420650
1995 3424350
1996 3428052
1997 3431756
1998 3435462
1999 3439170
2000 3442800
2001 3442880
2002 3446592
2003 3450306
2004 3454022
2005 3457740
2006 3461460
2007 3465182
2008 3468906
2009 3472632
2010 3476360
2011 3480090
2012 3483822
2013 3487556
2014 3491292
2015 3495030
2016 3498770
2017 3502512
2018 3506256
2019 3510002
2020 3511656
2021 3513750
2022 3517500
2023 3521252
2024 3525006
2025 3528762
2026 3532520
2027 3536280
2028 3540042
2029 3543806
2030 3547572
2031 3551340
2032 3555110
2033 3558882
2034 3562656
2035 3566432
2036 3570210
2037 3573990
2038 3575880
2039 3579663
2040 3581424
2041 3585342
2042 3589130
2043 3592920
2044 3596712
2045 3600506
2046 3603600
2047 3604302
2048 3608100
2049 3611900
2050 3615702
2051 3619506
2052 3623312
2053 3627120
2054 3630930
2055 3634092
2056 3634742
2057 3638556
2058 3642372
2059 3646190
2060 3650010
2061 3652110
2062 3653832
2063 3657656
2064 3661482
2065 3665310
2066 3669140
2067 3672972
2068 3676806
2069 3680642
2070 3684480
2071 3688320
2072 3692162
2073 3696006
2074 3699852
2075 3703700
2076 3707550
2077 3711402
2078 3715256
2079 3719112
2080 3722970
2081 3723720
2082 3726830
2083 3730692
2084 3734556
2085 3738422
2086 3742290
2087 3746160
2088 3750032
2089 3753906
2090 3757782
2091 3761660
2092 3765540
2093 3769422
2094 3773306
2095 3777192
2096 3781080
2097 3784970
2098 3788862
2099 3792756
2100 3796260
2101 3796652
2102 3800550
2103 3804450
2104 3808352
2105 3812256
2106 3816162
2107 3820070
2108 3823980
2109 3827892
2110 3831806
2111 3835722
2112 3839640
2113 3843560
2114 3847482
2115 3851406
2116 3855332
2117 3859260
2118 3863190
2119 3867122
2120 3869736
2121 3871056
2122 3874992
2123 3878930
2124 3882870
2125 3886812
2126 3890756
2127 3894702
2128 3898650
2129 3902600
2130 3906552
2131 3910506
2132 3914462
2133 3916440
2134 3920399
2135 3926342
2136 3930306
2137 3934272
2138 3938240
2139 3942210
2140 3944154
2141 3946182
2142 3950156
2143 3954132
2144 3958110
2145 3962090
2146 3966072
2147 3970056
2148 3974042
2149 3978030
2150 3982020
2151 3986012
2152 3990006
2153 3994002
2154 3998000
2155 4002000
2156 4008003
2157 4014012
2158 4018020
2159 4019520
2160 4022030
2161 4026042
2162 4030056
2163 4034072
2164 4038090
2165 4042110
2166 4046132
2167 4050156
2168 4054182
2169 4058210
2170 4062240
2171 4066272
2172 4070306
2173 4074342
2174 4078380
2175 4082420
2176 4086462
2177 4090506
2178 4094552
2179 4095840
2180 4098600
2181 4102650
2182 4106702
2183 4110756
2184 4114812
2185 4118870
2186 4122930
2187 4126992
2188 4131056
2189 4135122
2190 4139190
2191 4143260
2192 4147332
2193 4151406
2194 4155482
2195 4159560
2196 4163640
2197 4167722
2198 4171806
2199 4173120
2200 4175892
2201 4179980
2202 4184070
2203 4188162
2204 4192256
2205 4196352
2206 4200450
2207 4204550
2208 4208652
2209 4212756
2210 4216862
2211 4220970
2212 4225080
2213 4229192
2214 4233306
2215 4237422
2216 4241540
2217 4245660
2218 4249782
2219 4251366
2220 4253906
2221 4258032
2222 4262160
2223 4266290
2224 4270422
2225 4274556
2226 4278692
2227 4280760
2228 4284899
2229 4291112
2230 4295256
2231 4299402
2232 4303550
2233 4307700
2234 4311852
2235 4316006
2236 4320162
2237 4324320
2238 4328480
2239 4330584
2240 4332642
2241 4336806
2242 4340972
2243 4345140
2244 4349310
2245 4353482
2246 4357656
2247 4361832
2248 4366010
2249 4370190
2250 4374372
2251 4378556
2252 4382742
2253 4386930
2254 4391120
2255 4395312
2256 4399506
2257 4403702
2258 4407900
2259 4410780
2260 4412100
2261 4416302
2262 4420506
2263 4424712
2264 4428920
2265 4433130
2266 4437342
2267 4441556
2268 4445772
2269 4449990
2270 4454210
2271 4458432
2272 4462656
2273 4466882
2274 4471110
2275 4475340
2276 4479572
2277 4483806
2278 4488042
2279 4491960
2280 4492280
2281 4496520
2282 4500762
2283 4505006
2284 4509252
2285 4513500
2286 4517750
2287 4522002
2288 4526256
2289 4530512
2290 4534770
2291 4539030
2292 4543292
2293 4547556
2294 4551822
2295 4556090
2296 4560360
2297 4564632
2298 4568906
2299 4573182
2300 4574130
2301 4577460
2302 4581740
2303 4586022
2304 4590306
2305 4594592
2306 4598880
2307 4603170
2308 4607462
2309 4611756
2310 4616052
2311 4620350
2312 4624650
2313 4628952
2314 4633256
2315 4637562
2316 4641870
2317 4646180
2318 4650492
2319 4654806
2320 4657296
2321 4659122
2322 4663440
2323 4667760
2324 4669920
2325 4674243
2326 4680732
2327 4685060
2328 4689390
2329 4693722
2330 4698056
2331 4702392
2332 4706730
2333 4711070
2334 4715412
2335 4719756
2336 4724102
2337 4728450
2338 4732800
2339 4737152
2340 4741464
2341 4741506
2342 4745862
2343 4750220
2344 4754580
2345 4758942
2346 4763306
2347 4767672
2348 4772040
2349 4776410
2350 4780782
2351 4785156
2352 4789532
2353 4793910
2354 4798290
2355 4802672
2356 4807056
2357 4811442
2358 4815830
2359 4820220
2360 4824612
2361 4826640
2362 4829006
2363 4833402
2364 4837800
2365 4842200
2366 4846602
2367 4851006
2368 4855412
2369 4859820
2370 4864230
2371 4868642
2372 4873056
2373 4877472
2374 4881890
2375 4886310
2376 4890732
2377 4895156
2378 4899582
2379 4904010
2380 4908440
2381 4912830
2382 4912872
2383 4917306
2384 4921742
2385 4926180
2386 4930620
2387 4935062
2388 4939506
2389 4943952
2390 4948400
2391 4952850
2392 4957302
2393 4961756
2394 4966212
2395 4970670
2396 4975130
2397 4979592
2398 4984056
2399 4988522
2400 4992990
2401 4997460
2402 5000040
2403 5001932
2404 5006406
2405 5010882
2406 5015360
2407 5019840
2408 5024322
2409 5028806
2410 5033292
2411 5037780
2412 5042270
2413 5046762
2414 5047350
2415 5051256
2416 5055752
2417 5060250
2418 5064750
2419 5069252
2420 5073756
2421 5078262
2422 5082770
2423 5085024
2424 5088276
2425 5089535
2426 5096306
2427 5100822
2428 5105100
2429 5105340
2430 5109860
2431 5114382
2432 5118906
2433 5123432
2434 5127960
2435 5132490
2436 5137022
2437 5141556
2438 5146092
2439 5150630
2440 5155170
2441 5159712
2442 5164256
2443 5168802
2444 5173350
2445 5177544
2446 5177900
2447 5182452
2448 5187006
2449 5191562
2450 5196120
2451 5200680
2452 5205242
2453 5209806
2454 5214372
2455 5218940
2456 5223510
2457 5228082
2458 5232656
2459 5237232
2460 5241810
2461 5246390
2462 5250972
2463 5255556
2464 5260142
2465 5264730
2466 5267850
2467 5269320
2468 5273912
2469 5278506
2470 5283102
2471 5287700
2472 5292300
2473 5296902
2474 5301506
2475 5306112
2476 5310720
2477 5315330
2478 5319942
2479 5324556
2480 5329172
2481 5333790
2482 5338410
2483 5343032
2484 5347656
2485 5352282
2486 5356910
2487 5359200
2488 5361540
2489 5366172
2490 5370806
2491 5375442
2492 5380080
2493 5384720
2494 5389362
2495 5394006
2496 5398652
2497 5403300
2498 5407950
2499 5412602
2500 5417256
